16
15
13
15
18
5
18
10
18
21
19
16
9
23
21
17
7
14
15
6
14
20
10
20
25
8
20
6
12
19
10
11
16
26
11
14
22
17
17
14
23
7
17
19
25
21
16
14
14
11
19
11
25
18
24
13
5
14
17
15
13
27
13
13
9
10
15
18
18
27
21
14
6
18
10
29
19
22
26
15
9
13
15
16
12
23
18
8
13
11
18
15
22
10
22
8
11
18
12
14
16
17
22
9
30
16
27
11
21
22
9
22
20
13
18
7
20
14
10
8
18
11
10
18
22
18
23
22
12
8
18
17
13
18
4
11
15
33
16
21
5
17
22
18
15
15
11
22
22
16
14
13
10
17
21
16
13
19
30
11
17
10
22
22
5
18
20
25
25
27
10
28
9
14
13
10
29
9
18
18
28
5
20
6
9
11
17
11
15
10
17
19
10
20
11
12
14
24
18
28
10
20
30
7
21
13
21
14
8
28
12
27
20
12
18
17
17
6
15
22
15
24
9
10
19
12
6
19
12
11
17
3
9
28
9
13
5
20
23
19
28
18
23
24
16
23
12
24
6
23
17
9
11
23
14
10
18
26
4
12
26
26
30
15
10
4
18
13
10
16
25
21
17
25
12
11
16
29
19
17
10
22
24
24
12
12
10
7
21
15
10
16
13
12
19
14
22
17
26
4
24
16
27
16
17
11
16
17
14
18
4
9
26
11
23
8
12
19
19
27
15
17
22
7
10
21
25
17
21
21
16
21
14
24
15
26
20
6
3
28
12
25
28
15
21
13
12
12
7
13
9
29
27
13
19
26
13
24
25
14
17
21
10
11
18
13
14
26
14
11
17
12
12
18
5
28
24
18
17
15
11
9
6
12
19
25
21
13
14
24
21
10
10
14
15
7
22
6
11
14
7
16
20
27
20
16
22
12
10
26
21
15
18
19
26
17
16
25
21
21
19
30
11
26
21
21
25
12
23
14
11
25
9
14
18
11
14
3
11
25
12
26
12
10
30
21
7
18
3
22
25
17
19
19
9
21
7
12
14
17
15
9
13
12
5
15
14
10
23
14
8
24
14
11
22
7
22
25
17
17
29
20
18
15
27
22
14
16
20
25
27
8
7
13
21
22
5
23
15
20
25
10
20
22
5
16
14
20
17
9
20
20
17
15
4
12
10
24
10
16
16
21
29
14
12
18
3
15
21
24
8
12
17
10
14
13
11
23
20
17
9
15
19
17
30
16
19
19
4
12
13
12
20
16
18
17
15
21
12
14
13
19
17
19
15
11
17
18
8
16
21
13
7
17
18
14
8
19
25
24
10
12
19
18
9
24
21
12
21
13
12
16
25
29
21
14
10
10
10
6
11
19
11
12
23
12
12
14
14
19
26
21
24
16
15
14
21
26
29
21
24
18
15
20
26
5
21
13
16
24
16
11
11
12
12
18
18
18
27
7
9
5
13
9
20
9
21
12
6
13
14
23
16
6
17
15
23
25
15
11
17
12
23
9
14
19
12
12
31
9
5
22
23
20
14
21
18
10
10
15
21
12
21
13
9
27
18
21
25
13
13
11
24
22
14
26
14
11
19
14
9
4
22
12
12
14
22
19
22
12
15
25
13
16
7
16
13
14
18
17
9
17
11
19
25
10
15
12
20
16
14
8
8
10
25
24
20
14
11
11
14
21
20
17
20
16
11
16
20
4
4
17
30
10
18
13
14
21
12
24
13
11
30
19
10
14
29
8
12
24
9
29
10
20
18
17
28
29
15
13
6
19
18
17
10
21
21
17
21
20
12
12
10
10
15
10
10
16
24
6
17
15
10
12
5
6
15
11
7
10
16
24
11
6
26
17
13
24
10
24
15
12
20
10
12
24
18
15
13
12
18
15
25
13
22
14
11
10
14
23
8
11
17
13
20
14
13
5
9
14
17
24
5
18
12
9
25
15
8
18
19
18
13
17
20
13
21
13
17
13
12
20
25
13
11
15
13
8
19
14
17
6
20
4
16
16
13
13
18
18
22
19
3
9
8
23
19
11
12
12
9
29
21
14
17
8
20
12
15
15
22
13
14
18
20
16
8
23
17
7
17
7
16
17
11
6
17
9
14
13
15
18
25
17
16
8
7
15
15
9
11
10
22
13
15
23
10
15
9
14
17
8
12
12
3
11
7
17
19
9
15
18
22
20
8
29
15
21
12
10
9
8
9
10
7
23
22
10
12
10
9
14
16
21
7
22
19
9
18
9
20
11
13
9
21
13
8
9
7
9
11
21
19
5
16
21
14
17
10
20
5
20
12
22
22
10
19
20
10
20
16
21
12
6
11
27
19
16
29
19
21
12
18
15
21
21
27
8
22
10
8
21
18
21
19
14
13
13
15
8
21
10
13
24
19
22
11
10
18
17
13
6
13
18
12
16
7
12
14
8
18
9
15
28
20
20
22
19
4
16
9
21
23
20
17
18
21
11
9
15
7
9
19
16
14
12
13
11
9
11
14
11
14
16
10
5
13
23
13
25
8
16
15
25
21
14
23
24
23
23
16
21
20
5
5
25
9
16
14
12
8
12
13
18
16
6
7
26
16
11
21
11
8
23
14
22
5
9
19
9
13
23
20
9
15
9
9
17
17
11
10
16
19
10
15
14
8
21
15
6
16
15
15
16
23
14
14
10
22
17
11
13
18
18
11
13
15
5
12
11
15
20
18
15
14
16
19
25
21
14
15
8
20
11
8
11
18
16
17
14
17
18
10
21
11
19
20
27
8
18
9
13
10
14
23
17
20
25
10
20
16
16
8
12
16
12
9
18
22
12
12
13
19
16
16
7
10
26
12
24
9
23
16
13
13
29
21
12
19
15
17
21
23
14
16
23
9
9
18
11
19
12
9
19
13
15
14
12
13
12
6
14
11
7
17
19
20
8
17
4
12
6
20
9
19
16
9
19
15
11
20
10
19
11
14
27
16
9
8
18
9
12
13
27
15
11
9
25
25
15
15
12
8
16
11
21
20
18
9
18
21
19
14
11
17
19
13
27
13
22
18
9
20
8
13
8
10
7
18
9
22
17
20
23
21
25
16
10
11
8
11
24
3
16
14
12
21
18
20
16
25
3
13
13
23
7
21
25
24
23
18
23
10
12
24
25
20
18
10
11
17
22
22
16
24
7
19
10
26
9
15
9
12
14
19
28
12
12
30
17
11
11
21
10
14
22
14
18
18
9
13
15
9
23
19
7
20
15
24
12
7
12
13
15
12
5
16
12
25
18
18
11
16
22
13
10
26
8
10
25
11
24
8
14
6
18
22
10
31
16
24
10
19
14
10
20
14
17
11
16
21
11
18
13
10
20
12
16
9
28
12
28
13
18
16
24
14
17
23
11
21
26
11
13
19
9
16
17
4
23
19
10
24
7
11
17
24
14
32
21
18
9
23
4
10
9
19
8
17
27
11
