24
20
17
24
26
16
22
21
19
23
25
29
12
24
22
31
18
22
24
13
19
26
20
25
33
14
25
14
22
32
18
20
20
28
13
15
27
26
18
21
25
8
19
22
31
29
20
19
15
19
22
12
28
23
25
27
16
24
20
30
16
31
17
25
10
12
18
23
23
29
25
21
19
22
11
34
25
26
27
20
10
21
17
17
14
28
20
11
33
23
20
23
24
15
27
15
17
20
14
24
21
29
26
17
34
23
28
18
26
23
13
23
29
16
21
13
21
18
12
18
24
23
12
22
23
22
24
23
15
12
23
31
15
24
9
13
22
34
18
22
10
27
29
22
19
19
13
29
30
22
18
20
22
21
24
28
19
28
34
17
20
15
25
23
12
20
24
27
29
29
15
31
11
17
16
11
30
23
25
21
29
15
30
10
11
12
23
16
23
21
18
26
34
25
19
18
27
25
27
31
23
25
32
16
28
20
23
21
16
30
23
32
27
13
19
21
26
19
30
33
18
25
25
14
31
13
18
25
26
16
20
4
17
31
14
16
16
31
28
24
30
28
25
25
28
26
14
29
9
24
23
22
21
26
21
16
20
29
28
22
28
28
34
16
13
22
31
18
22
21
30
26
24
26
19
13
26
33
21
29
17
28
33
27
19
19
21
12
23
22
20
19
17
27
21
20
23
19
28
6
27
28
29
22
19
15
17
19
19
19
27
17
29
16
26
24
15
28
21
30
24
18
23
10
22
29
26
19
27
23
18
26
17
25
19
33
24
9
10
33
19
27
32
24
22
27
19
15
21
24
18
30
28
14
22
30
17
31
30
20
21
26
17
20
30
17
20
27
16
25
20
19
13
26
7
31
25
22
23
22
13
26
19
31
20
30
30
16
25
26
22
12
11
15
24
18
24
20
19
19
24
23
21
30
22
18
23
16
11
31
22
29
20
29
27
18
21
29
24
23
23
34
18
27
25
22
26
18
24
21
21
30
10
15
21
30
21
16
24
29
20
31
17
23
34
25
16
23
14
23
26
20
27
22
12
23
27
15
21
18
21
11
16
23
11
23
23
11
30
22
14
26
32
13
23
8
23
30
19
25
31
26
20
24
28
25
25
21
21
28
31
15
12
14
26
30
11
27
17
26
27
20
24
29
7
21
15
25
18
14
35
31
20
27
7
17
16
29
11
17
17
29
31
19
18
20
5
23
28
30
32
18
18
15
18
24
26
24
24
21
21
17
23
24
32
20
25
29
18
17
16
16
22
19
23
31
16
23
14
20
14
23
24
20
26
13
19
22
12
19
23
19
8
19
19
17
9
21
28
28
11
17
24
20
18
26
31
13
25
20
22
22
26
32
24
19
22
16
20
9
19
23
16
20
25
18
16
21
15
31
29
24
31
30
17
17
28
32
32
30
29
31
16
21
32
27
22
16
17
25
18
15
12
13
14
24
19
19
28
13
24
14
20
10
22
16
23
14
8
27
16
25
18
7
20
23
25
29
26
12
19
16
24
18
19
22
19
16
33
18
8
29
24
27
15
24
22
21
22
25
25
14
27
15
13
34
25
24
29
15
24
13
26
24
15
27
24
14
25
15
10
32
32
27
13
21
24
25
23
23
20
28
24
27
24
17
18
31
22
18
11
20
23
23
27
14
19
17
22
17
21
11
18
23
30
30
21
17
16
12
16
22
22
21
22
23
28
23
27
22
17
19
32
15
24
14
18
24
21
25
17
28
32
23
18
15
31
16
19
32
17
30
11
30
26
19
29
32
20
21
16
32
25
18
11
24
35
25
22
24
21
14
11
11
28
14
24
23
28
25
22
22
16
19
6
8
17
21
10
12
19
25
12
17
27
18
19
29
18
26
17
17
22
19
18
27
21
23
17
16
22
22
26
19
27
15
21
15
26
28
19
13
18
14
24
18
16
7
16
22
26
25
11
22
24
23
26
23
10
19
23
26
20
21
22
17
22
18
18
21
16
23
26
17
14
16
19
22
27
21
18
13
25
12
17
20
24
16
25
27
24
23
6
17
14
25
26
13
18
16
20
31
26
26
22
16
21
20
23
24
23
15
16
20
24
17
14
25
26
15
21
11
28
22
15
18
23
10
20
16
17
22
28
23
23
11
27
19
20
14
14
15
25
19
23
27
11
17
10
18
21
12
22
15
5
18
10
22
28
16
26
21
31
31
11
30
22
25
21
16
15
10
16
11
20
24
24
12
15
21
15
15
18
24
24
28
21
17
21
21
21
23
16
16
23
14
22
24
15
24
25
26
25
14
22
28
19
20
17
24
6
24
24
26
24
12
20
31
15
25
24
28
14
20
12
30
27
20
30
20
23
21
24
20
26
27
32
15
24
18
14
22
20
25
26
18
22
16
19
13
27
16
22
28
27
25
15
24
25
19
20
26
26
23
21
21
11
17
17
14
28
16
26
29
26
21
26
22
12
23
13
23
28
22
22
24
24
15
17
28
13
13
22
17
17
16
21
22
14
21
21
21
15
20
11
11
21
25
17
28
19
18
20
26
27
17
25
26
24
25
19
26
21
15
10
28
17
18
16
16
24
23
20
24
18
16
24
28
22
16
22
23
12
26
17
29
20
20
26
12
17
24
21
11
21
20
18
19
21
25
11
20
24
28
18
22
20
26
25
10
18
22
23
23
26
20
18
13
27
23
15
16
20
20
13
22
21
14
17
21
19
26
19
24
15
19
25
29
32
23
18
14
23
24
13
16
24
17
21
16
27
20
14
22
14
25
26
28
18
21
23
16
20
19
24
18
28
26
22
25
19
18
10
17
21
15
23
26
24
15
13
18
21
22
20
17
29
31
17
25
21
25
18
17
18
31
24
14
24
17
20
26
26
25
22
27
17
20
21
15
21
14
14
21
18
26
17
13
22
13
10
18
12
18
18
21
24
10
19
10
17
7
28
15
21
22
15
31
16
15
23
27
30
19
28
29
24
22
11
22
10
17
15
29
18
15
10
26
28
25
16
24
16
22
23
22
22
19
11
24
23
27
20
20
19
24
14
29
15
24
20
16
21
19
15
13
12
14
31
15
25
18
28
24
23
26
28
18
26
9
16
27
18
23
15
19
22
26
28
23
32
11
29
19
25
15
27
27
29
24
23
24
16
17
28
28
25
20
11
17
19
24
32
21
28
26
29
12
27
19
23
12
16
16
21
30
22
19
33
18
20
26
25
11
16
27
25
20
21
20
16
18
18
29
20
13
23
16
27
18
13
19
17
17
19
13
18
17
30
25
28
17
22
23
29
11
29
13
14
27
12
29
18
22
8
25
23
25
32
21
27
15
27
15
12
24
22
21
14
24
24
20
23
21
15
29
13
23
12
32
23
31
20
19
25
29
20
25
25
20
25
29
16
18
21
20
21
24
19
26
20
13
28
29
18
29
29
21
34
22
21
17
24
17
22
16
23
15
25
28
13
